{
 "cells": [
  {
   "cell_type": "code",
   "execution_count": 1,
   "metadata": {},
   "outputs": [],
   "source": [
    "city = \"New York City\"\n",
    "time_limit = 3600"
   ]
  },
  {
   "cell_type": "code",
   "execution_count": 2,
   "metadata": {},
   "outputs": [],
   "source": [
    "import numpy as np\n",
    "\n",
    "def getMat(iArr, matrix):\n",
    "    n = len(iArr)\n",
    "    new_mat = np.ndarray(dtype=\"double\", shape=(n,n))\n",
    "    for i in range(n):\n",
    "        for j in range(n):\n",
    "            new_mat[i][j] = matrix[iArr[i]][iArr[j]]\n",
    "\n",
    "    return new_mat\n",
    "\n",
    "def binary(n, digits):\n",
    "    binary = str(\"{0:b}\".format(n))\n",
    "    return (digits-len(binary))*\"0\"+binary\n",
    "\n",
    "def contains(a, b):\n",
    "    for i in range(len(a)):\n",
    "        if(a[i]=='1' and b[i]=='0'): return False\n",
    "    return True\n",
    "\n",
    "\n",
    "def find_route(matrix, locations, time_limit, f):\n",
    "    bads = []\n",
    "\n",
    "    best_value = -1\n",
    "    best_order = []\n",
    "\n",
    "    n = len(locations)\n",
    "    for i in range(1, 2**n):\n",
    "        if(i%10000==0): print(i)\n",
    "\n",
    "        bin = binary(i, n)\n",
    "\n",
    "        cont = True\n",
    "        for j in range(len(bads)):\n",
    "            if(contains(bads[j], bin)):\n",
    "                cont = False\n",
    "                break\n",
    "\n",
    "        if(cont):\n",
    "            iArr, posArr = [], []\n",
    "\n",
    "            for j in range(n):\n",
    "                if(bin[j]=='1'): iArr.append(j)\n",
    "\n",
    "            time, order = optimize2(getMat(iArr, matrix))\n",
    "            for i in range(len(iArr)): posArr.append(locations[iArr[order[i]]])\n",
    "            if(time<=time_limit and f(posArr)>best_value): best_value, best_order = f(posArr), posArr\n",
    "            elif(time>time_limit): bads.append(bin)\n",
    "\n",
    "    return best_order\n",
    "\n",
    "def optimize(matrix):\n",
    "    n, time, order = len(matrix[0]), 0, [0]\n",
    "    for i in range(n-1):\n",
    "        time += matrix[i][i+1]\n",
    "        order.append(i+1)\n",
    "    time += matrix[n-1][0]\n",
    "    return time, order\n",
    "\n",
    "def optimize2(matrix):\n",
    "    n, time, order, dist = len(matrix[0]), 0, [0], 0\n",
    "    for i in range(0, n-1):\n",
    "        min_dist, loc = 1e10, -1\n",
    "        for j in range(n):\n",
    "            if(not j in set(order)):\n",
    "                dist = matrix[order[-1]][j]\n",
    "                if(dist<min_dist): min_dist, loc = dist, j\n",
    "\n",
    "        order.append(loc)\n",
    "        time+= min_dist\n",
    "\n",
    "    time += matrix[order[0]][order[-1]]\n",
    "    return time, order\n",
    "\n",
    "def metric_func(posArr):\n",
    "    n, sum = len(posArr), 0\n",
    "    for i in range(0, n): sum += posArr[i].rating\n",
    "    return sum/n**(0.5)\n",
    "\n",
    "def metric_func_2(posArr):\n",
    "    n, sum = len(posArr), 0\n",
    "    for i in range(0, n): sum += posArr[i].reviews\n",
    "    return sum"
   ]
  },
  {
   "cell_type": "code",
   "execution_count": 3,
   "metadata": {},
   "outputs": [],
   "source": [
    "import numpy as np\n",
    "import googlemaps\n",
    "import datetime\n",
    "import tsp\n",
    "\n",
    "KEY_file = open('key2.txt', 'r')\n",
    "KEY=KEY_file.readlines()[0]\n",
    "\n",
    "def getDistance(lat1, lon1, lat2, lon2):\n",
    "    dist = ((lat1-lat2)**2+(lon1-lon2)**2)**0.5\n",
    "    return dist*69/3*3600 #conversion form lat/lon to miles to hours to seconds\n",
    "\n",
    "def adjMatrixApprox(places):\n",
    "    n = len(places)\n",
    "    matrix = np.zeros(shape=(n, n), dtype='double')\n",
    "\n",
    "    for i in range(0,n):\n",
    "        for j in range(0,n):\n",
    "            if(i==j): matrix[i][j] = 0\n",
    "            elif(i>j): matrix[i][j] = matrix[j][i]\n",
    "            else: matrix[i][j] = int(getDistance(places[i].lat, places[i].lon, places[j].lat, places[j].lon))\n",
    "\n",
    "    return matrix\n",
    "\n",
    "def adjMatrixReal(places):\n",
    "    n = len(places)\n",
    "    matrix = np.ndarray(dtype=\"double\", shape=(n,n))\n",
    "    now=datetime.datetime.now()\n",
    "\n",
    "    coords = np.zeros(shape=(n,2), dtype='double')\n",
    "    for i in range(n):\n",
    "        coords[i]= [places[i].lat, places[i].lon]\n",
    "\n",
    "    gmaps = googlemaps.Client(key=KEY)\n",
    "    gmaps_matrix = gmaps.distance_matrix(coords, coords,\n",
    "                        mode=\"walking\",\n",
    "                        avoid=\"ferries\",\n",
    "                        departure_time=now)\n",
    "\n",
    "    for i in range(0,n):\n",
    "        for j in range(0,n):\n",
    "            if(i==j): matrix[i][j] = 0\n",
    "            else: matrix[i][j] = gmaps_matrix['rows'][i]['elements'][j]['duration']['value']\n",
    "\n",
    "    return matrix\n",
    "\n",
    "def printMatrix(matrix):\n",
    "    n = matrix.shape[0]\n",
    "    for i in range(0, n):\n",
    "        for j in range(0, n):\n",
    "            print(matrix[i][j], end=\" \")\n",
    "        print()\n",
    "    print()"
   ]
  },
  {
   "cell_type": "code",
   "execution_count": 4,
   "metadata": {},
   "outputs": [],
   "source": [
    "from googlesearch import search\n",
    "import re\n",
    "\n",
    "import requests\n",
    "from bs4 import BeautifulSoup\n",
    "\n",
    "KEY_file = open('key2.txt', 'r')\n",
    "KEY=KEY_file.readlines()[0]\n",
    "\n",
    "pause = 0.0\n",
    "\n",
    "def GS(query, count=10):\n",
    "    results = []\n",
    "    for i in search(query=query, tld='co.in', lang='en',\n",
    "            num=count, stop=count, pause=pause):\n",
    "        results.append(i)\n",
    "    return results\n",
    "\n",
    "def GS_site(query, site, count=10):\n",
    "    results = GS(query, count)\n",
    "    out = []\n",
    "\n",
    "    for i in range(len(results)):\n",
    "        if re.search(site, results[i]) != None:\n",
    "            out.append(results[i])\n",
    "\n",
    "    return out\n",
    "\n",
    "def printArr(results):\n",
    "    for i in range(len(results)):\n",
    "        print(results[i])\n",
    "\n",
    "def getHTML(URL):\n",
    "    r = requests.get(URL)\n",
    "    soup = BeautifulSoup(r.content, 'html5lib')\n",
    "    return soup\n",
    "\n",
    "def getHTML_all(URLs):\n",
    "    soups = []\n",
    "    for URL in URLs:\n",
    "        soups.append(BeautifulSoup(requests.get(URL).content, 'html5lib'))\n",
    "\n",
    "    return soups\n",
    "\n",
    "def GS_HTML(query):\n",
    "    results = GS(query, 1)\n",
    "    return getHTML(results[0])\n",
    "\n",
    "def GS_HTML_site(query, site):\n",
    "    results = GS_site(query, site, 5)\n",
    "    return getHTML(results[0])\n",
    "\n",
    "def GS_HTML_all(query):\n",
    "    results = GS(query, 10)\n",
    "    return getHTML_all(results)\n",
    "\n",
    "def GS_HTML_site_all(query, site):\n",
    "    results = GS_site(query, site, 10)\n",
    "    return getHTML_all(results)\n",
    "\n",
    "def getElements(html, object, attrs):\n",
    "    arr = []\n",
    "    for obj in html.find_all(object, attrs=attrs):\n",
    "        arr.append(obj.text)\n",
    "    return arr\n",
    "\n",
    "def getElements_all(htmls, object, attrs):\n",
    "    unique = set([])\n",
    "    for html in htmls:\n",
    "        for obj in html.find_all(object, attrs=attrs):\n",
    "            unique.add(obj.text)\n",
    "\n",
    "    arr = []\n",
    "    for i in unique:\n",
    "        arr.append(i)\n",
    "\n",
    "    return arr\n",
    "\n",
    "def GS_elements(query, object, attrs):\n",
    "    html = GS_HTML(query)\n",
    "    return getElements(html, object, attrs)\n",
    "\n",
    "def GS_elements_site(query, site, object, attrs):\n",
    "    html = GS_HTML_site(query, site)\n",
    "    return getElements(html, object, attrs)\n",
    "\n",
    "def GS_elements_all(query, objects, attrs):\n",
    "    htmls = GS_HTML_all(query)\n",
    "    return getElements_all(htmls, object, attrs)\n",
    "\n",
    "def GS_elements_site_all(query, site, object, attrs):\n",
    "    htmls = GS_HTML_site_all(query, site)\n",
    "    return getElements_all(htmls, object, attrs)\n",
    "\n",
    "def tripAdvisorTourism(city):\n",
    "    query = \"TripAdvisor\" + city\n",
    "    site = \"https://www.tripadvisor.com/Tourism\"\n",
    "    object = \"span\"\n",
    "    attrs = {'class', 'social-shelf-items-ShelfLocationSection__name--CdA_A'}\n",
    "\n",
    "    places = GS_elements_site_all(query, site, object, attrs)\n",
    "    return places\n",
    "\n",
    "def tripAdvisorAttractions(city):\n",
    "    query = \"TripAdvisor\" + city\n",
    "    site = \"https://www.tripadvisor.com/Attractions\"\n",
    "    object = \"a\"\n",
    "    attrs = {'class', 'attractions-attraction-overview-pois-PoiInfo__name--SJ0a4'}\n",
    "\n",
    "    places = GS_elements_site_all(query, site, object, attrs)\n",
    "    return places\n",
    "\n",
    "def tripAdvisorCategory(city, category):\n",
    "    query = \"TripAdvisor\" + city + \" \" + category\n",
    "    site = \"https://www.tripadvisor.com/Attractions\"\n",
    "    object = \"div\"\n",
    "    attrs = {'class', 'listing_title'}\n",
    "\n",
    "    places = GS_elements_site_all(query, site, object, attrs)\n",
    "\n",
    "    new_places = []\n",
    "    for place in places:\n",
    "        try:\n",
    "            i = 0\n",
    "            while(place.split(\"\\n\")[i]==\"\"): i+=1\n",
    "            new_places.append(place.split(\"\\n\")[i])\n",
    "        except IndexError: pass\n",
    "\n",
    "    return new_places\n",
    "\n",
    "def tripAdvisor(city):\n",
    "    unique = set([])\n",
    "    places = tripAdvisorTourism(city)\n",
    "    for place in places: unique.add(place)\n",
    "    print(len(places))\n",
    "\n",
    "    places = tripAdvisorAttractions(city)\n",
    "    for place in places: unique.add(place)\n",
    "    print(len(places))\n",
    "\n",
    "    categories = [\"Sights and Landmarks\", \"Museums\", \"Architectural Buildings\",\n",
    "        \"Historic Sites\", \"Monuments and Statues\", \"Parks\"]\n",
    "\n",
    "    for category in categories:\n",
    "        places = tripAdvisorCategory(city, category)\n",
    "        for place in places: unique.add(place)\n",
    "        print(len(places))\n",
    "\n",
    "    print(len(list(unique)))\n",
    "    return list(unique)\n",
    "\n",
    "def tripAdvisorQuick(city):\n",
    "    unique = set([])\n",
    "    places = tripAdvisorTourism(city)\n",
    "    for place in places: unique.add(place)\n",
    "    print(len(places))\n",
    "\n",
    "    places = tripAdvisorAttractions(city)\n",
    "    for place in places: unique.add(place)\n",
    "    print(len(places))\n",
    "\n",
    "    print(len(list(unique)))\n",
    "    return list(unique)"
   ]
  },
  {
   "cell_type": "code",
   "execution_count": 5,
   "metadata": {},
   "outputs": [],
   "source": [
    "import googlemaps\n",
    "\n",
    "f = open(\"key2.txt\", \"r\")\n",
    "KEY = f.readlines()[0]\n",
    "gmaps = googlemaps.Client(key=KEY)\n",
    "\n",
    "def getCity(city):\n",
    "    data =gmaps.places(city)\n",
    "    lat = data['results'][0]['geometry']['location']['lat']\n",
    "    lon = data['results'][0]['geometry']['location']['lng']\n",
    "    return [lat, lon]\n",
    "\n",
    "#rating parameters\n",
    "[a, b] = [2e-3, 0.5]\n",
    "\n",
    "def getData(location, city):\n",
    "    data = gmaps.places(location, location=city)\n",
    "    if(data['status']=='ZERO_RESULTS'): return False\n",
    "\n",
    "    try:\n",
    "        lat = data['results'][0]['geometry']['location']['lat']\n",
    "        lon = data['results'][0]['geometry']['location']['lng']\n",
    "        address = data['results'][0]['formatted_address']\n",
    "        name = data['results'][0]['name']\n",
    "        rating = data['results'][0]['rating']\n",
    "        reviews = data['results'][0]['user_ratings_total']\n",
    "        types = data['results'][0]['types']\n",
    "\n",
    "        rating = rating + a*(reviews)**b\n",
    "        return [lat, lon, address, name, rating, reviews, types]\n",
    "\n",
    "    except KeyError: return False\n",
    "\n",
    "def solve(locations):\n",
    "    start = [locations[0].lat, locations[0].lon]\n",
    "    end = [locations[-1].lat, locations[-1].lon]\n",
    "\n",
    "    waypoints = []\n",
    "    for i in range(1, len(locations)-1):\n",
    "        waypoint = [locations[i].lat, locations[i].lon]\n",
    "        waypoints.append(waypoint)\n",
    "\n",
    "\n",
    "    directions = gmaps.directions(origin=start,\n",
    "                            destination=end,\n",
    "                            mode=\"walking\",\n",
    "                            waypoints=waypoints,\n",
    "                            avoid=\"ferries\",\n",
    "                            optimize_waypoints=True)\n",
    "\n",
    "    order, distances, durations = [locations[0]], [], []\n",
    "    waypoint_order = directions[0]['waypoint_order']\n",
    "    for waypoint in waypoint_order: order.append(locations[waypoint+1])\n",
    "    order.append(locations[-1])\n",
    "\n",
    "    for i in range(len(directions[0]['legs'])):\n",
    "        distances.append(directions[0]['legs'][i]['distance']['value'])\n",
    "        durations.append(directions[0]['legs'][i]['duration']['value'])\n",
    "\n",
    "    return order, distances, durations\n"
   ]
  },
  {
   "cell_type": "code",
   "execution_count": 6,
   "metadata": {},
   "outputs": [],
   "source": [
    "import google\n",
    "\n",
    "import distance as d\n",
    "import maps\n",
    "\n",
    "bad = ['atm', 'bar', 'beauty_salon', 'bicycle_store', 'bus_station',\n",
    "    'car_dealer', 'car_rental', 'car_repair', 'car_wash', 'dentist',\n",
    "    'doctor', 'drugstore', 'electrician', 'funeral_home', 'gas_station',\n",
    "    'hair_care', 'insurance_agency', 'laundry', 'liquor_store', 'locksmith',\n",
    "    'lodging', 'movie_rental', 'moving_company', 'night_club', 'painter',\n",
    "    'pharmacy', 'physiotherapist', 'plumber', 'post_office',\n",
    "    'real_estate_agency', 'roofing_contractor', 'rv_park', 'storage',\n",
    "    'taxi_stand', 'veterinary_care']\n",
    "\n",
    "park = ['park']\n",
    "\n",
    "restaurant = ['meal_delivery', 'meal_takeaway', 'restaurant']\n",
    "\n",
    "class Place:\n",
    "    filled = False\n",
    "\n",
    "    def __init__(self, start, location, city):\n",
    "        self.city_coords = city\n",
    "        self.filled = self.update(location, city)\n",
    "\n",
    "    def update(self, location, city):\n",
    "        data = maps.getData(location, city)\n",
    "        if(data==False): return False\n",
    "        self.lat, self.lon, self.address, self.name, self.rating, self.reviews, self.types = data\n",
    "        return True\n",
    "\n",
    "    def print(self):\n",
    "        print(self.name)\n",
    "        print(self.address)\n",
    "        print(\"(\"+str(self.lat)+\", \"+str(self.lon)+\")\")\n",
    "        print(str(self.rating)+\" (\"+str(self.reviews)+\")\")\n",
    "        print(self.types)\n",
    "        print()\n",
    "\n",
    "    def quickPrint(self):\n",
    "        print(str(self.name) + \" - \" + str(self.rating) + \" (\" + str(self.reviews) + \")\")\n",
    "\n",
    "    def isBad(self):\n",
    "        if(getDistance(self.city_coords[0], self.city_coords[1], self.lat, self.lon)>72000): return True\n",
    "        if(self.rating<3 or self.reviews<25): return True\n",
    "        return len(list(set(bad) & set(self.types)))>0\n",
    "\n",
    "    def isPark(self):\n",
    "        return len(list(set(park) & set(self.types)))>0\n",
    "\n",
    "    def isRestaurant(self):\n",
    "        return len(list(set(restaurant) & set(self.types)))>0\n",
    "\n",
    "def addPlaces(strs, city):\n",
    "    names = set([])\n",
    "    places = []\n",
    "\n",
    "    city_coords = maps.getCity(city)\n",
    "\n",
    "    for place in strs:\n",
    "        if place != \"\":\n",
    "            temp = Place(False, place, city_coords)\n",
    "            if(temp.filled==True):\n",
    "                if(len(set([temp.address])&names)==0 and temp.isBad()==False):\n",
    "                    places.append(temp)\n",
    "                    names.add(temp.address)\n",
    "\n",
    "    return places\n",
    "\n",
    "def printPlaces(places):\n",
    "    for place in places:\n",
    "        place.print()\n",
    "\n",
    "def quickPrintPlaces(places):\n",
    "    for place in places:\n",
    "        place.quickPrint()\n",
    "\n",
    "def sortPlaces_reviews(places):\n",
    "    places.sort(key=lambda x: x.reviews, reverse=True)\n",
    "\n",
    "def sortPlaces_rating(places):\n",
    "    places.sort(key=lambda x: x.rating, reverse=True)\n",
    "\n",
    "def getPlaces(city, start=True):\n",
    "    strs = google.tripAdvisor(city)\n",
    "    places = addPlaces(strs, city)\n",
    "    sortPlaces_reviews(places)\n",
    "    return __cleanPlaces__(places, city, start)\n",
    "\n",
    "def getPlacesQuick(city, start=True):\n",
    "    strs = google.tripAdvisorQuick(city)\n",
    "    places = addPlaces(strs, city)\n",
    "    sortPlaces_reviews(places)\n",
    "    return __cleanPlaces__(places, city, start)\n",
    "\n",
    "def __cleanPlaces__(places, city, start):\n",
    "    [parks, parks_max] = [0, 3]\n",
    "    [rests, rests_max] = [0, 3]\n",
    "\n",
    "    locs = []\n",
    "    new_places = []\n",
    "\n",
    "    for place in places:\n",
    "\n",
    "        cont = True\n",
    "        for loc in locs:\n",
    "            if(getDistance(loc[0], loc[1], place.lat, place.lon)<120):\n",
    "                cont = False\n",
    "                break\n",
    "\n",
    "        if(cont):\n",
    "            if(place.isPark() and parks<parks_max):\n",
    "                new_places.append(place)\n",
    "                locs.append([place.lat, place.lon])\n",
    "                parks+=1\n",
    "\n",
    "            elif(place.isRestaurant() and rests<rests_max):\n",
    "                new_places.append(place)\n",
    "                locs.append([place.lat, place.lon])\n",
    "                rests+=1\n",
    "\n",
    "            elif(not place.isPark() and not place.isRestaurant()):\n",
    "                new_places.append(place)\n",
    "                locs.append([place.lat, place.lon])\n",
    "\n",
    "    print(str(len(new_places)) + \" acceptable places found\")\n",
    "    places = new_places[:min(20,len(new_places))]\n",
    "    sortPlaces_rating(places)\n",
    "    return places\n"
   ]
  },
  {
   "cell_type": "code",
   "execution_count": 7,
   "metadata": {},
   "outputs": [
    {
     "name": "stdout",
     "output_type": "stream",
     "text": [
      "55\n",
      "10\n",
      "124\n",
      "95\n",
      "76\n",
      "152\n",
      "59\n",
      "70\n",
      "372\n",
      "132 acceptable places found\n",
      "Central Park - 5.673530766487363 (190764)\n",
      "Times Square - 5.334648215134291 (134927)\n",
      "The Metropolitan Museum of Art - 5.26504193359309 (54066)\n",
      "9/11 Memorial - 5.251659163529315 (50999)\n",
      "Empire State Building - 5.227575587001522 (69584)\n",
      "Brooklyn Bridge - 5.21431389066745 (42914)\n",
      "Bryant Park - 5.155244988989446 (51812)\n",
      "St. Patrick's Cathedral - 5.104210453469305 (23136)\n",
      "Top of the Rock - 5.0677607918199 (33812)\n",
      "Lincoln Center for the Performing Arts - 5.038302328985681 (14197)\n",
      "Madison Square Garden - 5.009787023614612 (23992)\n",
      "The Museum of Modern Art - 4.943610244317599 (29517)\n",
      "One World Observatory - 4.9318275220934735 (13436)\n",
      "Intrepid Sea, Air & Space Museum - 4.919937493895292 (25590)\n",
      "Chelsea Market - 4.86644781347417 (33571)\n",
      "Macy's - 4.836238466896261 (47576)\n",
      "Katz's Delicatessen - 4.788499566724111 (20808)\n",
      "Madame Tussauds New York - 4.6540708562586435 (16138)\n",
      "Central Park Zoo - 4.6411887227877795 (14543)\n",
      "Century21 Stores - 4.5565930630395135 (16460)\n",
      "20\n"
     ]
    }
   ],
   "source": [
    "places = getPlaces(city)\n",
    "quickPrintPlaces(places)\n",
    "print(len(places))"
   ]
  },
  {
   "cell_type": "code",
   "execution_count": 8,
   "metadata": {},
   "outputs": [
    {
     "name": "stdout",
     "output_type": "stream",
     "text": [
      "0.0 2653.0 333.0 7127.0 3309.0 6871.0 2839.0 2203.0 2289.0 1730.0 3547.0 2044.0 6995.0 3216.0 4754.0 3322.0 5342.0 2901.0 1359.0 7062.0 \n",
      "2653.0 0.0 2562.0 4490.0 789.0 4397.0 409.0 791.0 507.0 1211.0 900.0 715.0 4354.0 1284.0 2136.0 677.0 2963.0 265.0 1395.0 4441.0 \n",
      "333.0 2562.0 0.0 6995.0 3167.0 6681.0 2704.0 2032.0 2155.0 1772.0 3462.0 1907.0 6868.0 3254.0 4690.0 3215.0 5142.0 2820.0 1199.0 6920.0 \n",
      "7127.0 4490.0 6995.0 0.0 3828.0 1443.0 4292.0 4975.0 4842.0 5626.0 3631.0 5090.0 154.0 4539.0 2634.0 3813.0 2330.0 4262.0 5796.0 256.0 \n",
      "3309.0 789.0 3167.0 3828.0 0.0 3627.0 472.0 1153.0 1019.0 1997.0 666.0 1265.0 3702.0 1762.0 1767.0 371.0 2174.0 697.0 1968.0 3755.0 \n",
      "6871.0 4397.0 6681.0 1443.0 3627.0 0.0 4092.0 4668.0 4619.0 5606.0 3688.0 4851.0 1492.0 4844.0 3106.0 3752.0 1548.0 4227.0 5512.0 1186.0 \n",
      "2839.0 409.0 2704.0 4292.0 472.0 4092.0 0.0 722.0 550.0 1562.0 882.0 798.0 4163.0 1630.0 2110.0 566.0 2620.0 484.0 1506.0 4223.0 \n",
      "2203.0 791.0 2032.0 4975.0 1153.0 4668.0 722.0 0.0 297.0 1314.0 1587.0 280.0 4851.0 2018.0 2827.0 1284.0 3145.0 1037.0 844.0 4892.0 \n",
      "2289.0 507.0 2155.0 4842.0 1019.0 4619.0 550.0 297.0 0.0 1152.0 1354.0 248.0 4713.0 1721.0 2600.0 1074.0 3123.0 763.0 958.0 4773.0 \n",
      "1730.0 1211.0 1772.0 5626.0 1997.0 5606.0 1562.0 1314.0 1152.0 0.0 1996.0 1034.0 5484.0 1487.0 3114.0 1860.0 4171.0 1387.0 1040.0 5597.0 \n",
      "3547.0 900.0 3462.0 3631.0 666.0 3688.0 882.0 1587.0 1354.0 1996.0 0.0 1591.0 3491.0 1268.0 1246.0 328.0 2393.0 646.0 2290.0 3601.0 \n",
      "2044.0 715.0 1907.0 5090.0 1265.0 4851.0 798.0 280.0 248.0 1034.0 1591.0 0.0 4961.0 1838.0 2837.0 1318.0 3345.0 980.0 711.0 5019.0 \n",
      "6995.0 4354.0 6868.0 154.0 3702.0 1492.0 4163.0 4851.0 4713.0 5484.0 3491.0 4961.0 0.0 4388.0 2482.0 3678.0 2270.0 4124.0 5669.0 334.0 \n",
      "3216.0 1284.0 3254.0 4539.0 1762.0 4844.0 1630.0 2018.0 1721.0 1487.0 1268.0 1838.0 4388.0 0.0 1907.0 1412.0 3644.0 1148.0 2315.0 4563.0 \n",
      "4754.0 2136.0 4690.0 2634.0 1767.0 3106.0 2110.0 2827.0 2600.0 3114.0 1246.0 2837.0 2482.0 1907.0 0.0 1543.0 2280.0 1873.0 3531.0 2669.0 \n",
      "3322.0 677.0 3215.0 3813.0 371.0 3752.0 566.0 1284.0 1074.0 1860.0 328.0 1318.0 3678.0 1412.0 1543.0 0.0 2371.0 474.0 2027.0 3763.0 \n",
      "5342.0 2963.0 5142.0 2330.0 2174.0 1548.0 2620.0 3145.0 3123.0 4171.0 2393.0 3345.0 2270.0 3644.0 2280.0 2371.0 0.0 2831.0 3986.0 2143.0 \n",
      "2901.0 265.0 2820.0 4262.0 697.0 4227.0 484.0 1037.0 763.0 1387.0 646.0 980.0 4124.0 1148.0 1873.0 474.0 2831.0 0.0 1659.0 4222.0 \n",
      "1359.0 1395.0 1199.0 5796.0 1968.0 5512.0 1506.0 844.0 958.0 1040.0 2290.0 711.0 5669.0 2315.0 3531.0 2027.0 3986.0 1659.0 0.0 5722.0 \n",
      "7062.0 4441.0 6920.0 256.0 3755.0 1186.0 4223.0 4892.0 4773.0 5597.0 3601.0 5019.0 334.0 4563.0 2669.0 3763.0 2143.0 4222.0 5722.0 0.0 \n",
      "\n"
     ]
    }
   ],
   "source": [
    "matrix_approx = adjMatrixApprox(places)\n",
    "d.printMatrix(matrix_approx)"
   ]
  },
  {
   "cell_type": "code",
   "execution_count": 9,
   "metadata": {},
   "outputs": [
    {
     "name": "stdout",
     "output_type": "stream",
     "text": [
      "10000\n",
      "20000\n",
      "30000\n",
      "40000\n",
      "50000\n",
      "60000\n",
      "70000\n",
      "80000\n",
      "90000\n",
      "100000\n",
      "110000\n",
      "120000\n",
      "130000\n",
      "140000\n",
      "150000\n",
      "160000\n",
      "170000\n",
      "180000\n",
      "190000\n",
      "200000\n",
      "210000\n",
      "220000\n",
      "230000\n",
      "240000\n",
      "250000\n",
      "260000\n",
      "270000\n",
      "280000\n",
      "290000\n",
      "300000\n",
      "310000\n",
      "320000\n",
      "330000\n",
      "340000\n",
      "350000\n",
      "360000\n",
      "370000\n",
      "380000\n",
      "390000\n",
      "400000\n",
      "410000\n",
      "420000\n",
      "430000\n",
      "440000\n",
      "450000\n",
      "460000\n",
      "470000\n",
      "480000\n",
      "490000\n",
      "500000\n",
      "510000\n",
      "520000\n",
      "530000\n",
      "540000\n",
      "550000\n",
      "560000\n",
      "570000\n",
      "580000\n",
      "590000\n",
      "600000\n",
      "610000\n",
      "620000\n",
      "630000\n",
      "640000\n",
      "650000\n",
      "660000\n",
      "670000\n",
      "680000\n",
      "690000\n",
      "700000\n",
      "710000\n",
      "720000\n",
      "730000\n",
      "740000\n",
      "750000\n",
      "760000\n",
      "770000\n",
      "780000\n",
      "790000\n",
      "800000\n",
      "810000\n",
      "820000\n",
      "830000\n",
      "840000\n",
      "850000\n",
      "860000\n",
      "870000\n",
      "880000\n",
      "890000\n",
      "900000\n",
      "910000\n",
      "920000\n",
      "930000\n",
      "940000\n",
      "950000\n",
      "960000\n",
      "970000\n",
      "980000\n",
      "990000\n",
      "1000000\n",
      "1010000\n",
      "1020000\n",
      "1030000\n",
      "1040000\n"
     ]
    }
   ],
   "source": [
    "order = tsp.find_route(matrix_approx, places, time_limit, tsp.metric_func)\n",
    "order, distances, durations = maps.solve(order)"
   ]
  },
  {
   "cell_type": "code",
   "execution_count": 10,
   "metadata": {},
   "outputs": [
    {
     "name": "stdout",
     "output_type": "stream",
     "text": [
      "Times Square\n",
      "Manhattan, NY 10036, United States\n",
      "(40.7579747, -73.9855426)\n",
      "5.334648215134291 (134927)\n",
      "['tourist_attraction', 'point_of_interest', 'establishment']\n",
      "\n",
      "Walk 369 feet for 294 seconds to the next stop\n",
      "\n",
      "Madame Tussauds New York\n",
      "234 W 42nd St, New York, NY 10036, United States\n",
      "(40.756423, -73.9883502)\n",
      "4.6540708562586435 (16138)\n",
      "['tourist_attraction', 'point_of_interest', 'establishment']\n",
      "\n",
      "Walk 1171 feet for 887 seconds to the next stop\n",
      "\n",
      "Empire State Building\n",
      "20 W 34th St, New York, NY 10001, United States\n",
      "(40.7484405, -73.98566439999999)\n",
      "5.227575587001522 (69584)\n",
      "['tourist_attraction', 'point_of_interest', 'establishment']\n",
      "\n",
      "Walk 886 feet for 675 seconds to the next stop\n",
      "\n",
      "Bryant Park\n",
      "New York, NY 10018, United States\n",
      "(40.7535965, -73.9832326)\n",
      "5.155244988989446 (51812)\n",
      "['park', 'tourist_attraction', 'point_of_interest', 'establishment']\n",
      "\n",
      "Walk 958 feet for 716 seconds to the next stop\n",
      "\n",
      "Top of the Rock\n",
      "30 Rockefeller Plaza, New York, NY 10112, United States\n",
      "(40.7591205, -73.9795267)\n",
      "5.0677607918199 (33812)\n",
      "['tourist_attraction', 'point_of_interest', 'establishment']\n",
      "\n",
      "Walk 473 feet for 350 seconds to the next stop\n",
      "\n",
      "The Museum of Modern Art\n",
      "11 W 53rd St, New York, NY 10019, United States\n",
      "(40.7614327, -73.97762159999999)\n",
      "4.943610244317599 (29517)\n",
      "['tourist_attraction', 'museum', 'point_of_interest', 'establishment']\n",
      "\n",
      "Walk 450 feet for 343 seconds to the next stop\n",
      "\n",
      "St. Patrick's Cathedral\n",
      "5th Ave, New York, NY 10022, United States\n",
      "(40.7584653, -73.97599269999999)\n",
      "5.104210453469305 (23136)\n",
      "['tourist_attraction', 'church', 'place_of_worship', 'point_of_interest', 'establishment']\n",
      "\n"
     ]
    }
   ],
   "source": [
    "for i in range(len(distances)):\n",
    "    order[i].print()\n",
    "    print(\"Walk \" + str(distances[i]) + \" feet for \" + str(durations[i]) + \" seconds to the next stop\\n\")\n",
    "\n",
    "order[-1].print()"
   ]
  },
  {
   "cell_type": "code",
   "execution_count": 22,
   "metadata": {},
   "outputs": [],
   "source": [
    "import gmaps\n",
    "gmaps.configure(api_key=KEY)\n",
    "\n",
    "fig = gmaps.figure()\n",
    "\n",
    "start = [order[0].lat, order[0].lon]\n",
    "end = [order[-1].lat, order[-1].lon]\n",
    "\n",
    "waypoints = []\n",
    "for i in range(1, len(order)-1):\n",
    "    waypoint = [order[i].lat, order[i].lon]\n",
    "    waypoints.append(waypoint)\n",
    "\n",
    "layer = gmaps.directions.Directions(start, end, mode='walking')\n",
    "\n",
    "fig.add_layer(layer)"
   ]
  },
  {
   "cell_type": "code",
   "execution_count": 23,
   "metadata": {},
   "outputs": [
    {
     "ename": "SyntaxError",
     "evalue": "invalid syntax (<ipython-input-23-a1f9ad41e54e>, line 1)",
     "output_type": "error",
     "traceback": [
      "\u001b[1;36m  File \u001b[1;32m\"<ipython-input-23-a1f9ad41e54e>\"\u001b[1;36m, line \u001b[1;32m1\u001b[0m\n\u001b[1;33m    jupyter nbextension enable --py gmaps\u001b[0m\n\u001b[1;37m                      ^\u001b[0m\n\u001b[1;31mSyntaxError\u001b[0m\u001b[1;31m:\u001b[0m invalid syntax\n"
     ]
    }
   ],
   "source": [
    "jupyter nbextension enable --py gmaps"
   ]
  },
  {
   "cell_type": "code",
   "execution_count": null,
   "metadata": {},
   "outputs": [],
   "source": []
  }
 ],
 "metadata": {
  "kernelspec": {
   "display_name": "Python 3",
   "language": "python",
   "name": "python3"
  },
  "language_info": {
   "codemirror_mode": {
    "name": "ipython",
    "version": 3
   },
   "file_extension": ".py",
   "mimetype": "text/x-python",
   "name": "python",
   "nbconvert_exporter": "python",
   "pygments_lexer": "ipython3",
   "version": "3.7.4"
  }
 },
 "nbformat": 4,
 "nbformat_minor": 2
}
